Ages_Med = [12.00
18.00
8.43
22.29
36.00
8.00
15.00
7.86
22.00
37.00
10.14
18.57
20.57
8.86
16.57
28.57
10.43
19.43
28.43
14.29
24.00
13.14
12.57
24.43
6.00
12.00
13.14
12.86
19.71
28.00
];
Adjusted_Ages = [10.00
16.00
7.14
21.00
34.71
7.00
14.00
7.43
21.57
36.57
9.71
18.14
20.14
6.29
14.00
26.00
7.43
16.43
25.43
13.86
23.57
11.71
12.43
24.29
5.00
12.00
13.57
12.86
19.71
28.00
];

%% Frequency
Freq_Med = [0.599	0.401	0.132	0.069	0.381	0.210	0.138
0.583	0.417	0.062	0.059	0.416	0.109	0.066
0.592	0.408	0.112	0.258	0.291	0.344	0.258
0.456	0.544	0.091	0.063	0.317	0.155	0.097
0.420	0.580	0.099	0.047	0.193	0.179	0.099
0.524	0.476	0.108	0.103	0.343	0.202	0.119
0.510	0.490	0.085	0.118	0.337	0.201	0.126
0.526	0.474	0.167	0.101	0.246	0.274	0.170
0.676	0.324	0.118	0.115	0.299	0.254	0.159
0.351	0.649	0.047	0.046	0.203	0.094	0.052
0.850	0.150	0.151	0.102	0.522	0.288	0.189
0.429	0.571	0.146	0.053	0.219	0.193	0.146
0.485	0.515	0.098	0.117	0.198	0.251	0.155
0.525	0.475	0.119	0.141	0.253	0.293	0.181
0.432	0.568	0.099	0.097	0.240	0.201	0.122
0.557	0.443	0.051	0.044	0.401	0.096	0.068
0.625	0.375	0.092	0.135	0.353	0.264	0.189
0.483	0.517	0.135	0.111	0.227	0.247	0.142
0.643	0.357	0.083	0.119	0.426	0.212	0.133
0.519	0.481	0.087	0.061	0.352	0.156	0.090
0.542	0.458	0.082	0.075	0.382	0.171	0.096
0.481	0.519	0.083	0.141	0.259	0.225	0.141
0.758	0.242	0.129	0.120	0.491	0.252	0.147
0.448	0.552	0.121	0.081	0.178	0.230	0.137
0.659	0.341	0.121	0.183	0.366	0.298	0.187
0.483	0.517	0.067	0.076	0.310	0.169	0.092
0.558	0.442	0.056	0.092	0.367	0.162	0.110
0.315	0.685	0.085	0.042	0.159	0.145	0.085
0.599	0.401	0.094	0.119	0.346	0.205	0.129
0.448	0.552	0.042	0.091	0.352	0.155	0.095
];

%% Duration

Dur_Med = [1.585	1.067	0.382	0.289	1.147	0.365	0.425	8.045	4.840	1.090	0.690	3.190	1.490	1.340
1.744	1.379	0.254	0.260	1.557	0.255	0.254	6.790	7.400	0.690	0.690	4.790	0.790	0.700
1.296	0.603	0.296	0.448	0.785	0.387	0.455	5.600	2.590	0.980	1.390	2.900	1.790	1.790
1.827	1.740	0.372	0.344	1.438	0.382	0.374	5.840	7.435	1.190	0.985	4.185	1.240	1.190
1.481	2.152	0.386	0.325	1.033	0.319	0.386	4.180	9.190	1.090	0.690	2.480	1.100	1.100
1.565	1.430	0.306	0.346	0.936	0.323	0.347	6.150	7.285	1.095	1.030	3.490	1.295	1.290
1.512	1.198	0.278	0.300	0.956	0.292	0.300	6.290	5.990	0.800	1.180	2.800	1.180	1.180
1.010	0.944	0.348	0.265	0.598	0.309	0.346	4.475	4.345	1.040	0.790	2.390	1.090	1.090
1.559	0.896	0.333	0.320	0.725	0.340	0.358	7.940	4.690	1.045	1.040	2.780	1.490	1.245
1.252	2.500	0.202	0.318	1.114	0.282	0.234	4.400	12.390	0.500	0.700	3.590	0.890	0.890
2.649	0.711	0.406	0.352	1.179	0.393	0.494	13.600	2.690	1.500	1.290	5.190	1.590	1.590
1.384	1.432	0.424	0.252	0.878	0.363	0.424	4.690	7.290	1.290	0.690	2.680	1.290	1.290
1.308	1.080	0.337	0.396	0.825	0.352	0.416	5.740	6.640	0.940	1.490	2.880	1.890	1.690
1.040	0.949	0.360	0.359	0.565	0.350	0.402	4.785	4.700	1.245	0.990	2.130	1.545	1.495
1.445	1.615	0.358	0.332	1.041	0.345	0.375	6.600	7.390	0.990	0.980	3.580	0.990	0.990
2.596	1.695	0.245	0.267	1.541	0.268	0.283	8.290	6.790	0.680	0.700	5.390	0.900	0.790
1.692	1.113	0.395	0.333	0.849	0.373	0.442	8.590	5.480	1.080	0.990	3.200	1.400	1.200
1.048	1.090	0.357	0.281	0.613	0.328	0.361	4.000	6.090	1.100	0.790	2.000	1.200	1.200
1.857	0.954	0.274	0.288	0.983	0.277	0.338	6.090	4.990	0.700	1.000	3.600	1.100	1.090
1.174	0.939	0.246	0.216	0.901	0.232	0.252	5.270	5.495	0.695	0.500	3.085	0.700	0.700
1.329	1.226	0.254	0.281	1.058	0.266	0.275	5.290	6.690	0.700	0.700	3.090	0.880	0.800
1.019	1.052	0.234	0.320	0.718	0.275	0.320	4.880	5.980	0.690	1.200	3.020	1.200	1.200
1.713	0.740	0.307	0.309	1.094	0.320	0.321	10.000	3.000	1.090	0.890	4.590	1.240	1.240
0.905	1.144	0.391	0.305	0.716	0.343	0.336	3.780	7.200	0.990	0.700	2.190	1.200	1.000
1.812	0.898	0.369	0.504	0.865	0.432	0.484	10.940	3.395	1.290	1.740	3.360	2.115	1.970
1.526	1.537	0.260	0.279	1.000	0.296	0.268	6.490	6.890	0.590	0.790	3.390	0.900	0.790
1.576	1.195	0.271	0.258	1.551	0.264	0.274	6.490	5.490	0.580	0.590	4.580	0.790	0.790
0.845	1.826	0.318	0.240	0.741	0.284	0.318	3.690	9.280	0.940	0.495	2.890	0.940	0.940
1.226	0.872	0.221	0.249	0.794	0.258	0.281	4.090	4.990	0.790	0.790	2.900	0.890	0.790
1.865	1.887	0.235	0.317	1.231	0.273	0.317	4.190	6.090	0.400	0.790	3.390	1.080	0.790
];

%% Accelerations

